inf
inf
inf
inf
inf
inf
inf
inf
2.592788696289062500e+00
2.539664745330810547e+00
2.519233226776123047e+00
2.500295639038085938e+00
2.498807668685913086e+00
1.562067866325378418e+00
1.476606130599975586e+00
1.471567034721374512e+00
1.440847754478454590e+00
1.438673138618469238e+00
1.437289714813232422e+00
1.410787582397460938e+00
1.450146079063415527e+00
1.464706659317016602e+00
1.471394062042236328e+00
1.502069115638732910e+00
inf
inf
inf
inf
inf
2.991889953613281250e+00
2.922060728073120117e+00
2.918471813201904297e+00
2.905612707138061523e+00
2.924380540847778320e+00
2.976429462432861328e+00
inf
inf
inf
5.860813856124877930e-01
5.613942742347717285e-01
5.534124970436096191e-01
5.234811902046203613e-01
5.186427831649780273e-01
5.311437845230102539e-01
5.204388499259948730e-01
4.976434409618377686e-01
4.949400126934051514e-01
4.995718896389007568e-01
4.950919747352600098e-01
4.747928678989410400e-01
4.959038496017456055e-01
4.905061423778533936e-01
4.969990253448486328e-01
5.185569524765014648e-01
4.969480335712432861e-01
5.155483484268188477e-01
5.241741538047790527e-01
4.998176097869873047e-01
5.006687641143798828e-01
5.052753686904907227e-01
5.205196738243103027e-01
5.284317135810852051e-01
5.413634777069091797e-01
5.351520180702209473e-01
5.914585590362548828e-01
3.363480806350708008e+00
3.341449022293090820e+00
3.293022394180297852e+00
3.275438785552978516e+00
3.261955738067626953e+00
3.233731269836425781e+00
1.590736865997314453e+00
1.528975367546081543e+00
1.531369209289550781e+00
1.487239837646484375e+00
1.513186454772949219e+00
1.511284947395324707e+00
1.507027506828308105e+00
1.519466400146484375e+00
1.528084278106689453e+00
1.552239179611206055e+00
3.078899860382080078e+00
3.060604572296142578e+00
2.950927734375000000e+00
2.827060937881469727e+00
2.731605052947998047e+00
2.619783401489257812e+00
2.533615827560424805e+00
2.508908748626708984e+00
2.495584964752197266e+00
2.507155179977416992e+00
2.510935544967651367e+00
2.513964891433715820e+00
2.494207859039306641e+00
2.503758907318115234e+00
2.522072076797485352e+00
2.502284765243530273e+00
2.475966930389404297e+00
2.412589550018310547e+00
2.339873552322387695e+00
2.309046030044555664e+00
2.266265869140625000e+00
2.232703208923339844e+00
2.183656692504882812e+00
2.128881692886352539e+00
2.102713108062744141e+00
2.061727046966552734e+00
2.035253763198852539e+00
1.997048020362854004e+00
1.977572321891784668e+00
1.922162413597106934e+00
1.921738147735595703e+00
1.908998250961303711e+00
1.883553743362426758e+00
1.839150547981262207e+00
1.824638605117797852e+00
1.779756069183349609e+00
1.775559067726135254e+00
1.744309425354003906e+00
1.720172762870788574e+00
1.702038168907165527e+00
1.689365267753601074e+00
1.685569286346435547e+00
1.658862948417663574e+00
1.659040331840515137e+00
1.631695389747619629e+00
1.605056643486022949e+00
1.609261751174926758e+00
1.582958459854125977e+00
1.596460342407226562e+00
1.590787649154663086e+00
1.573826670646667480e+00
1.567844510078430176e+00
1.539103507995605469e+00
1.555829763412475586e+00
1.538670301437377930e+00
1.532180547714233398e+00
1.500256657600402832e+00
1.527545332908630371e+00
1.510990500450134277e+00
1.511081218719482422e+00
1.507538914680480957e+00
1.500952839851379395e+00
1.500574707984924316e+00
1.495614290237426758e+00
1.498202919960021973e+00
1.496454834938049316e+00
1.490357756614685059e+00
1.476883172988891602e+00
1.499601364135742188e+00
1.502987384796142578e+00
1.485887765884399414e+00
1.487251043319702148e+00
1.497300863265991211e+00
1.483650684356689453e+00
1.495540857315063477e+00
1.505485415458679199e+00
1.508795142173767090e+00
1.500118494033813477e+00
1.499328017234802246e+00
1.524327635765075684e+00
1.501386880874633789e+00
1.464859843254089355e+00
1.422116279602050781e+00
1.427786588668823242e+00
1.378207564353942871e+00
1.364498138427734375e+00
1.341219782829284668e+00
1.329081892967224121e+00
1.296348214149475098e+00
1.295141935348510742e+00
1.279864430427551270e+00
1.239013671875000000e+00
1.218872904777526855e+00
1.218378067016601562e+00
1.200014472007751465e+00
1.187937140464782715e+00
1.204954266548156738e+00
1.169422268867492676e+00
1.167672395706176758e+00
1.148664951324462891e+00
1.130096316337585449e+00
1.128490924835205078e+00
1.123646497726440430e+00
1.108987212181091309e+00
1.081031322479248047e+00
1.082307577133178711e+00
1.081256628036499023e+00
1.082103252410888672e+00
1.078422188758850098e+00
1.065763592720031738e+00
1.031084656715393066e+00
1.028976917266845703e+00
1.040766716003417969e+00
1.022843122482299805e+00
1.013322949409484863e+00
1.006729364395141602e+00
1.025116324424743652e+00
1.005891442298889160e+00
1.014701604843139648e+00
1.006807923316955566e+00
1.002294301986694336e+00
1.005929589271545410e+00
9.703353047370910645e-01
9.886986613273620605e-01
9.998410940170288086e-01
9.923564195632934570e-01
9.998528957366943359e-01
1.011845111846923828e+00
1.002541899681091309e+00
1.009350299835205078e+00
9.804829359054565430e-01
1.006339788436889648e+00
1.005180001258850098e+00
9.994087815284729004e-01
9.873454570770263672e-01
9.889655709266662598e-01
1.004883885383605957e+00
1.010379433631896973e+00
1.004132509231567383e+00
1.025244474411010742e+00
1.016005754470825195e+00
1.015634536743164062e+00
1.022830843925476074e+00
1.046711921691894531e+00
1.046602368354797363e+00
1.038188099861145020e+00
1.031841993331909180e+00
1.059630155563354492e+00
1.061545372009277344e+00
1.052164673805236816e+00
1.067290782928466797e+00
1.075818181037902832e+00
1.079532504081726074e+00
1.085539579391479492e+00
1.077636003494262695e+00
1.126788020133972168e+00
1.118586659431457520e+00
1.135770678520202637e+00
1.153174638748168945e+00
1.154521822929382324e+00
1.162226557731628418e+00
1.176298618316650391e+00
1.205207586288452148e+00
1.205604553222656250e+00
1.220300555229187012e+00
1.236475467681884766e+00
1.246890544891357422e+00
1.245452761650085449e+00
1.294705629348754883e+00
1.323401570320129395e+00
1.325259327888488770e+00
1.346890568733215332e+00
1.378190755844116211e+00
1.388269186019897461e+00
1.401062011718750000e+00
1.442766070365905762e+00
1.475012898445129395e+00
1.511891722679138184e+00
1.530072331428527832e+00
1.542171120643615723e+00
1.518508553504943848e+00
1.515884637832641602e+00
1.512034416198730469e+00
1.507998704910278320e+00
1.511300563812255859e+00
1.505553960800170898e+00
1.497009992599487305e+00
1.505660891532897949e+00
1.495216488838195801e+00
1.504170417785644531e+00
1.490213513374328613e+00
1.496908426284790039e+00
1.513688445091247559e+00
1.540422439575195312e+00
1.610636353492736816e+00
1.669150948524475098e+00
1.729661107063293457e+00
1.801355481147766113e+00
1.886829495429992676e+00
2.000237464904785156e+00
2.082817077636718750e+00
2.101169109344482422e+00
2.097263813018798828e+00
2.094216585159301758e+00
2.124425888061523438e+00
2.128797769546508789e+00
2.142868995666503906e+00
2.140769004821777344e+00
2.171058654785156250e+00
2.189168214797973633e+00
2.199672222137451172e+00
6.531589627265930176e-01
6.187431812286376953e-01
6.256036162376403809e-01
6.070599555969238281e-01
5.999383926391601562e-01
5.876984000205993652e-01
5.719495415687561035e-01
5.743198990821838379e-01
5.785816907882690430e-01
5.683659315109252930e-01
5.833440423011779785e-01
5.920043587684631348e-01
5.684875845909118652e-01
5.866992473602294922e-01
5.681961774826049805e-01
5.869656205177307129e-01
5.579946637153625488e-01
5.893632173538208008e-01
5.874812006950378418e-01
5.918980836868286133e-01
6.088682413101196289e-01
6.247681975364685059e-01
6.408315896987915039e-01
6.846753358840942383e-01
2.978790998458862305e+00
3.039485692977905273e+00
3.103624820709228516e+00
3.175178289413452148e+00
3.225656270980834961e+00
3.296806097030639648e+00
3.311806678771972656e+00
3.272369384765625000e+00
3.278327941894531250e+00
3.269716501235961914e+00
3.257109880447387695e+00
3.262803792953491211e+00
3.253555297851562500e+00
3.274648427963256836e+00
3.279660701751708984e+00
3.257641077041625977e+00
3.261755943298339844e+00
1.517218828201293945e+00
1.492058873176574707e+00
1.464868068695068359e+00
1.464036464691162109e+00
1.470629096031188965e+00
1.477260947227478027e+00
1.482730150222778320e+00
1.475788593292236328e+00
1.510085225105285645e+00
1.529983520507812500e+00
inf
2.569248914718627930e+00
2.538740396499633789e+00
2.526813030242919922e+00
2.521868467330932617e+00
2.524635791778564453e+00
2.601921081542968750e+00
inf
inf
inf
inf
inf
inf
inf
inf
inf
inf
