0.000000000000000000e+00
0.000000000000000000e+00
3.709999918937683105e-01
3.709999918937683105e-01
3.700000047683715820e-01
3.700000047683715820e-01
3.759999871253967285e-01
3.470000028610229492e-01
2.460000067949295044e-01
0.000000000000000000e+00
0.000000000000000000e+00
7.630000114440917969e-01
8.389999866485595703e-01
8.249999880790710449e-01
5.910000205039978027e-01
7.329999804496765137e-01
0.000000000000000000e+00
6.669999957084655762e-01
7.229999899864196777e-01
7.250000238418579102e-01
7.269999980926513672e-01
7.369999885559082031e-01
7.469999790191650391e-01
7.450000047683715820e-01
7.540000081062316895e-01
7.500000000000000000e-01
0.000000000000000000e+00
0.000000000000000000e+00
0.000000000000000000e+00
0.000000000000000000e+00
0.000000000000000000e+00
0.000000000000000000e+00
0.000000000000000000e+00
1.129999980330467224e-01
1.129999980330467224e-01
1.089999973773956299e-01
1.070000007748603821e-01
1.049999967217445374e-01
1.040000021457672119e-01
1.019999980926513672e-01
1.010000035166740417e-01
1.010000035166740417e-01
1.000000014901161194e-01
9.899999946355819702e-02
9.899999946355819702e-02
9.799999743700027466e-02
9.799999743700027466e-02
9.700000286102294922e-02
9.700000286102294922e-02
9.600000083446502686e-02
9.600000083446502686e-02
9.499999880790710449e-02
9.499999880790710449e-02
0.000000000000000000e+00
9.399999678134918213e-02
9.300000220537185669e-02
9.300000220537185669e-02
9.300000220537185669e-02
9.300000220537185669e-02
9.300000220537185669e-02
9.300000220537185669e-02
9.300000220537185669e-02
9.300000220537185669e-02
9.300000220537185669e-02
9.300000220537185669e-02
0.000000000000000000e+00
9.099999815225601196e-02
0.000000000000000000e+00
0.000000000000000000e+00
0.000000000000000000e+00
0.000000000000000000e+00
0.000000000000000000e+00
0.000000000000000000e+00
0.000000000000000000e+00
0.000000000000000000e+00
0.000000000000000000e+00
0.000000000000000000e+00
0.000000000000000000e+00
0.000000000000000000e+00
0.000000000000000000e+00
0.000000000000000000e+00
0.000000000000000000e+00
0.000000000000000000e+00
0.000000000000000000e+00
0.000000000000000000e+00
0.000000000000000000e+00
0.000000000000000000e+00
0.000000000000000000e+00
0.000000000000000000e+00
0.000000000000000000e+00
0.000000000000000000e+00
9.200000017881393433e-02
0.000000000000000000e+00
0.000000000000000000e+00
0.000000000000000000e+00
1.959999948740005493e-01
2.000000029802322388e-01
2.039999961853027344e-01
2.049999982118606567e-01
2.039999961853027344e-01
2.039999961853027344e-01
2.039999961853027344e-01
2.039999961853027344e-01
2.039999961853027344e-01
2.039999961853027344e-01
2.049999982118606567e-01
2.070000022649765015e-01
2.090000063180923462e-01
0.000000000000000000e+00
0.000000000000000000e+00
0.000000000000000000e+00
0.000000000000000000e+00
3.628000020980834961e+00
3.647000074386596680e+00
3.657000064849853516e+00
3.665999889373779297e+00
0.000000000000000000e+00
0.000000000000000000e+00
0.000000000000000000e+00
0.000000000000000000e+00
1.608999967575073242e+00
1.583999991416931152e+00
1.557000041007995605e+00
1.529999971389770508e+00
1.524000048637390137e+00
1.485999941825866699e+00
1.470999956130981445e+00
1.478999972343444824e+00
1.450000047683715820e+00
1.465000033378601074e+00
1.476999998092651367e+00
1.475999951362609863e+00
1.486999988555908203e+00
7.390000224113464355e-01
7.390000224113464355e-01
7.279999852180480957e-01
7.110000252723693848e-01
7.129999995231628418e-01
7.080000042915344238e-01
7.070000171661376953e-01
7.030000090599060059e-01
7.189999818801879883e-01
7.879999876022338867e-01
7.979999780654907227e-01
8.899999856948852539e-01
8.389999866485595703e-01
7.760000228881835938e-01
7.829999923706054688e-01
7.900000214576721191e-01
7.889999747276306152e-01
7.870000004768371582e-01
8.009999990463256836e-01
8.000000119209289551e-01
8.109999895095825195e-01
8.859999775886535645e-01
9.039999842643737793e-01
9.219999909400939941e-01
9.089999794960021973e-01
9.190000295639038086e-01
9.150000214576721191e-01
1.906999945640563965e+00
1.873000025749206543e+00
1.850999951362609863e+00
1.809999942779541016e+00
1.817000031471252441e+00
1.789000034332275391e+00
1.720999956130981445e+00
0.000000000000000000e+00
0.000000000000000000e+00
0.000000000000000000e+00
0.000000000000000000e+00
2.649999856948852539e-01
2.610000073909759521e-01
2.730000019073486328e-01
2.739999890327453613e-01
0.000000000000000000e+00
0.000000000000000000e+00
0.000000000000000000e+00
0.000000000000000000e+00
0.000000000000000000e+00
0.000000000000000000e+00
0.000000000000000000e+00
0.000000000000000000e+00
0.000000000000000000e+00
1.475000023841857910e+00
1.123000025749206543e+00
1.014000058174133301e+00
1.047000050544738770e+00
1.110000014305114746e+00
1.442999958992004395e+00
1.509999990463256836e+00
1.500000000000000000e+00
1.491000056266784668e+00
1.491999983787536621e+00
0.000000000000000000e+00
1.491000056266784668e+00
1.521999955177307129e+00
1.536000013351440430e+00
1.529000043869018555e+00
1.534999966621398926e+00
1.521999955177307129e+00
1.549999952316284180e+00
1.542999982833862305e+00
1.559000015258789062e+00
1.549000024795532227e+00
1.552999973297119141e+00
1.565999984741210938e+00
1.550999999046325684e+00
1.572000026702880859e+00
