2.932399034500122070e+00
2.963548660278320312e+00
2.936435461044311523e+00
3.008416891098022461e+00
2.951616525650024414e+00
2.898627519607543945e+00
2.868489742279052734e+00
2.812905788421630859e+00
2.802169799804687500e+00
2.761569976806640625e+00
2.720418214797973633e+00
2.687528610229492188e+00
2.649889945983886719e+00
2.634198904037475586e+00
1.622000813484191895e+00
1.602883100509643555e+00
1.565092682838439941e+00
1.549794197082519531e+00
1.528642177581787109e+00
1.528493165969848633e+00
1.537062406539916992e+00
1.547653079032897949e+00
1.560398817062377930e+00
1.593635439872741699e+00
2.742481946945190430e+00
2.729886293411254883e+00
2.706911563873291016e+00
2.682320356369018555e+00
2.689076900482177734e+00
2.632544517517089844e+00
2.647376060485839844e+00
2.645215272903442383e+00
2.615759849548339844e+00
2.619641542434692383e+00
2.601988077163696289e+00
2.579828023910522461e+00
2.578237056732177734e+00
2.588204622268676758e+00
2.566544532775878906e+00
2.571535825729370117e+00
2.576951742172241211e+00
2.570895671844482422e+00
2.559117078781127930e+00
2.538263082504272461e+00
2.547613143920898438e+00
2.553919553756713867e+00
2.560274124145507812e+00
2.542964458465576172e+00
2.548765659332275391e+00
9.034340381622314453e-01
8.846606016159057617e-01
8.850738406181335449e-01
8.628685474395751953e-01
8.590371012687683105e-01
8.464317321777343750e-01
8.368281126022338867e-01
8.320820927619934082e-01
8.340376019477844238e-01
8.179373145103454590e-01
8.294691443443298340e-01
8.206270933151245117e-01
8.541584014892578125e-01
8.663870692253112793e-01
8.527018427848815918e-01
9.026685357093811035e-01
9.190499782562255859e-01
2.738818168640136719e+00
2.753333806991577148e+00
2.770139217376708984e+00
2.781822204589843750e+00
2.742920875549316406e+00
2.713128805160522461e+00
2.680742263793945312e+00
2.666195631027221680e+00
2.620794534683227539e+00
2.586296081542968750e+00
2.545042276382446289e+00
2.540084600448608398e+00
2.514567136764526367e+00
2.514999389648437500e+00
2.472473144531250000e+00
2.471496582031250000e+00
2.437285423278808594e+00
2.434872388839721680e+00
2.405965089797973633e+00
2.383159399032592773e+00
2.379135847091674805e+00
2.357124567031860352e+00
2.346392631530761719e+00
2.339297294616699219e+00
2.316184043884277344e+00
2.327395915985107422e+00
2.305457115173339844e+00
2.291982173919677734e+00
2.291646003723144531e+00
2.274450540542602539e+00
2.275637149810791016e+00
2.252971887588500977e+00
2.268101930618286133e+00
2.263045072555541992e+00
2.264781236648559570e+00
2.291932821273803711e+00
2.263477802276611328e+00
2.257223606109619141e+00
2.249571561813354492e+00
2.251334428787231445e+00
2.256920814514160156e+00
2.272721290588378906e+00
2.238917589187622070e+00
1.151952147483825684e+00
1.137232065200805664e+00
1.119885683059692383e+00
1.087855815887451172e+00
1.106265783309936523e+00
1.077507615089416504e+00
1.091796994209289551e+00
1.081581830978393555e+00
1.085459709167480469e+00
1.098811149597167969e+00
1.102625250816345215e+00
1.135876178741455078e+00
1.157311320304870605e+00
1.216507673263549805e+00
2.272496461868286133e+00
2.247471809387207031e+00
2.208526134490966797e+00
2.189353227615356445e+00
2.147071838378906250e+00
2.105163097381591797e+00
2.104120016098022461e+00
2.119550943374633789e+00
2.135701656341552734e+00
2.144490242004394531e+00
2.186021804809570312e+00
2.184842824935913086e+00
2.222485542297363281e+00
2.246078491210937500e+00
2.272482633590698242e+00
2.301927089691162109e+00
2.318670749664306641e+00
2.360342741012573242e+00
2.380799055099487305e+00
2.419038772583007812e+00
2.426843881607055664e+00
2.387112140655517578e+00
2.361887216567993164e+00
2.371400356292724609e+00
2.335302591323852539e+00
2.342647552490234375e+00
2.318054914474487305e+00
2.297954320907592773e+00
2.292005538940429688e+00
2.294110059738159180e+00
2.267331123352050781e+00
2.277082443237304688e+00
2.261724710464477539e+00
2.251419782638549805e+00
2.250546216964721680e+00
2.236414194107055664e+00
2.245350122451782227e+00
2.248592853546142578e+00
2.253437042236328125e+00
2.228386163711547852e+00
2.234215497970581055e+00
2.226587772369384766e+00
2.230478048324584961e+00
7.476713061332702637e-01
7.004004120826721191e-01
7.001823782920837402e-01
7.054585814476013184e-01
7.024278044700622559e-01
6.743107438087463379e-01
6.713150143623352051e-01
6.617775559425354004e-01
6.704543232917785645e-01
6.458867192268371582e-01
6.539799571037292480e-01
6.753690838813781738e-01
6.632534265518188477e-01
6.731255650520324707e-01
6.756702661514282227e-01
6.746026873588562012e-01
6.770448684692382812e-01
6.848284006118774414e-01
7.049324512481689453e-01
7.181929945945739746e-01
7.499395608901977539e-01
2.418950080871582031e+00
2.432511091232299805e+00
2.421477317810058594e+00
2.476154327392578125e+00
2.502048730850219727e+00
2.532718896865844727e+00
2.553098201751708984e+00
2.554754734039306641e+00
2.527227640151977539e+00
2.495973110198974609e+00
2.470524787902832031e+00
2.476860761642456055e+00
2.443655967712402344e+00
2.409084558486938477e+00
2.402047157287597656e+00
2.383845090866088867e+00
2.371838331222534180e+00
2.345547914505004883e+00
2.329116106033325195e+00
2.327954530715942383e+00
2.295634984970092773e+00
2.363682746887207031e+00
2.384430170059204102e+00
2.434454917907714844e+00
2.466147661209106445e+00
2.503087759017944336e+00
2.557333946228027344e+00
2.567260503768920898e+00
2.566211223602294922e+00
2.563219547271728516e+00
1.408662915229797363e+00
1.373303294181823730e+00
1.353340983390808105e+00
1.356130838394165039e+00
1.368280053138732910e+00
1.359673261642456055e+00
1.338036775588989258e+00
1.330369710922241211e+00
1.363542914390563965e+00
1.380645155906677246e+00
1.403635382652282715e+00
2.540464401245117188e+00
2.513747930526733398e+00
2.521607398986816406e+00
2.529824972152709961e+00
2.551985740661621094e+00
2.551337003707885742e+00
2.556840658187866211e+00
2.564219474792480469e+00
2.583984375000000000e+00
2.582820415496826172e+00
2.596713066101074219e+00
2.602210044860839844e+00
2.612168312072753906e+00
2.635175228118896484e+00
2.648869037628173828e+00
2.665496587753295898e+00
2.679213285446166992e+00
2.699118614196777344e+00
2.709526538848876953e+00
2.720846891403198242e+00
2.743574380874633789e+00
2.776453971862792969e+00
2.807530641555786133e+00
2.741648435592651367e+00
2.726058244705200195e+00
2.713232517242431641e+00
2.677332162857055664e+00
2.643691539764404297e+00
2.620676040649414062e+00
2.598942518234252930e+00
2.591846227645874023e+00
2.560043096542358398e+00
2.532172679901123047e+00
2.512693166732788086e+00
1.215890645980834961e+00
1.188223361968994141e+00
1.164737939834594727e+00
1.166364908218383789e+00
1.133766293525695801e+00
1.160827159881591797e+00
1.127318382263183594e+00
1.148039817810058594e+00
1.138283848762512207e+00
1.131885051727294922e+00
1.183193325996398926e+00
1.177737712860107422e+00
1.232834815979003906e+00
2.886379718780517578e+00
2.902780532836914062e+00
2.839656114578247070e+00
2.835722684860229492e+00
2.841741085052490234e+00
2.832261800765991211e+00
2.850646018981933594e+00
2.830047845840454102e+00
2.827946662902832031e+00
2.820251941680908203e+00
2.829475402832031250e+00
2.837950944900512695e+00
2.824094295501708984e+00
2.835347175598144531e+00
2.836442232131958008e+00
2.848639965057373047e+00
2.804331481456756592e-01
2.708762586116790771e-01
2.595746219158172607e-01
2.453643977642059326e-01
2.321014255285263062e-01
2.246640622615814209e-01
2.087228894233703613e-01
2.371711283922195435e-01
2.153437733650207520e-01
2.128822505474090576e-01
2.151011675596237183e-01
2.019513249397277832e-01
2.112920880317687988e-01
2.147921621799468994e-01
1.990958303213119507e-01
2.065116018056869507e-01
2.103317975997924805e-01
1.865186393260955811e-01
1.954601109027862549e-01
2.011012732982635498e-01
2.020342648029327393e-01
1.876583099365234375e-01
1.686476618051528931e-01
1.935126185417175293e-01
2.029624879360198975e-01
2.006801962852478027e-01
1.998308151960372925e-01
2.121839523315429688e-01
1.961948871612548828e-01
2.055599242448806763e-01
1.752047687768936157e-01
2.089077681303024292e-01
1.993084102869033813e-01
2.055077999830245972e-01
1.886005997657775879e-01
1.950494945049285889e-01
2.301907390356063843e-01
2.106659412384033203e-01
2.044967561960220337e-01
2.109395563602447510e-01
2.252946346998214722e-01
2.128410190343856812e-01
2.113785892724990845e-01
2.320263087749481201e-01
2.406368553638458252e-01
2.163970619440078735e-01
2.353955954313278198e-01
2.269086390733718872e-01
2.370803207159042358e-01
2.325707376003265381e-01
2.717581391334533691e-01
2.967922687530517578e-01
1.336059331893920898e+00
2.850880146026611328e+00
2.839721441268920898e+00
2.854432106018066406e+00
2.828461647033691406e+00
2.862272500991821289e+00
2.832042932510375977e+00
2.860118389129638672e+00
2.851135969161987305e+00
2.868540287017822266e+00
2.882869005203247070e+00
2.889746189117431641e+00
2.900627136230468750e+00
2.900959968566894531e+00
2.912866115570068359e+00
2.937569856643676758e+00
2.938553333282470703e+00
